36 17 22 14 13 62 1 6 0
63 5 36 29 10 18 10 62 3 0 2 1 0 1 0 0 3 9 4 2 3 3
63 6 24 30 27 62 2 1 0 0 1 0 9 1 5 0 7 6 7 0
63 6 10 16 10 11 62 2 1 5 0 3 0 4 2 0 8 3 5 1 4
63 1 18 62 47 24 10 34 62 2 0 4 0 5 0 9 2 8 3 9 7 1 7
63 1 10 18 10 62 37 10 28 22 14 62 3 1 1 1 3 0 5 1 0 8 4 4 3 3
63 6 10 11 18 21 62 2 0 6 0 8 2 9 0 7 0 2 8 6 7
10 28 22 14 62 47 24 10 34 62 3 1 6 0 6 0 2 2 3 2 0 0 8 5
63 6 10 16 10 11 62 2 1 0 1 3 2 0 0 6 4 0 5 0 1
63 6 18 10 13 62 2 0 5 1 0 3 2 3 7 1 2 5 3 3
10 27 18 22 62 49 10 11 18 21 62 3 0 4 1 2 1 1 1 6 8 5 6 9 6
63 6 10 16 10 11 62 3 0 3 1 2 2 7 1 6 2 1 1 4 8
24 10 34 62 49 24 30 27 62 3 1 2 0 2 0 4 2 0 8 7 9 0 2
3 1 6 0 6 0 2 2 3 2 0 0 8 4
63 14 14 13 10 62 3 0 8 0 4 1 1 0 7 1 3 5 5 0
63 5 10 11 14 27 62 2 1 2 0 8 1 1 2 1 3 9 8 7 9
24 17 10 22 14 13 62 37 10 28 22 14 62 3 0 6 1 3 1 3 3 4 6 0 5 3 1
63 8 10 11 18 21 62 3 1 0 0 9 1 9 0 5 1 9 6 5 1
63 8 10 21 22 62 2 1 1 1 1 2 5 2 4 9 9 2 8 6
63 2 29 10 15 10 62 36 17 22 14 13 62 3 0 1 0 7 1 2 1 2 4 3 2 5 6
63 8 10 27 18 22 62 2 0 4 0 5 0 1 1 4 4 7 8 3 7
63 8 24 17 10 22 14 13 62 2 0 2 0 4 2 0 2 1 8 1 1 9 7
10 11 18 21 62 48 24 28 29 10 15 10 62 3 1 6 0 5 3 2 0 3 0 4 6 1 2
63 1 30 27 62 36 29 10 18 10 62 2 1 6 0 7 1 3 1 6 3 0 7 3 7
63 5 10 27 18 22 62 2 1 6 0 5 0 7 0 6 0 1 2 9 3
